34.1397235445, 
30.4152046084, 
34.1397235445, 
117.0458796192, 
99.2214967150, 
9.9764080017, 
117.0458796192, 
30.4152046084, 
70.8065495737, 
9.9764080017, 
55.8779707849, 
20.8169937482, 
99.2214967150, 
70.8065495737, 
87.1346633988, 
98.4675759735, 
137.6147290416, 
87.1346633988, 
15.3113055164, 
67.9285624682, 
10.6138964859, 
22.6015746426, 
15.3113055164, 
98.4675759735, 
106.9375203191, 
60.3389661914, 
146.8521091851, 
23.1142216632, 
67.9285624682, 
137.6147290416, 
106.9375203191, 
76.6505534278, 
18.7175844253, 
76.6505534278, 
119.1591156128, 
95.6927748770, 
14.5108033668, 
18.7175844253, 
119.1591156128, 
47.9810450918, 
63.0083253224, 
69.0249946295, 
47.9810450918, 
130.4444103760, 
19.6098231023, 
69.0249946295, 
63.0083253224, 
56.9962346669, 
113.5410676199, 
113.5410676199, 
123.3947652138, 
56.9962346669, 
123.3947652138, 
64.2783908467, 
65.1450780486, 
65.1450780486, 
67.2276683595, 
64.2783908467, 
67.2276683595, 
31.2170193589, 
19.6098231023, 
16.0439412511, 
74.9148209168, 
31.2170193589, 
130.4444103760, 
74.9148209168, 
89.1282866755, 
16.0439412511, 
89.1282866755, 
32.6531559288, 
5.5014704120, 
148.6382011457, 
32.6531559288, 
114.0089762895, 
104.0384811119, 
25.0099488300, 
148.6382011457, 
5.5014704120, 
41.2135219615, 
100.9397623542, 
25.0099488300, 
6.7927874590, 
124.4233060045, 
38.2270683577, 
41.2135219615, 
114.0089762895, 
38.2270683577, 
100.9397623542, 
104.0384811119, 
76.1637832335, 
87.0274424985, 
76.1637832335, 
169.0255178886, 
87.0274424985, 
169.0255178886, 
6.7927874590, 
49.9290210354, 
124.4233060045, 
49.9290210354, 
87.0967826372, 
14.5108033668, 
95.6927748770, 
87.0967826372, 
60.3389661914, 
68.1226824329, 
118.8781662180, 
6.0056909888, 
32.0652685106, 
68.1226824329, 
146.8521091851, 
10.9994340769, 
118.8781662180, 
23.1142216632, 
10.9994340769, 
21.8813937936, 
94.4608482585, 
64.6538968741, 
94.4608482585, 
83.8847503318, 
98.5391402915, 
64.6538968741, 
21.8813937936, 
83.8847503318, 
73.2054574695, 
98.5391402915, 
73.2054574695, 
106.9868588765, 
52.1280034693, 
106.9868588765, 
78.7572693646, 
78.7572693646, 
52.1280034693, 
142.6899222504, 
32.0652685106, 
39.9390250816, 
28.1401156926, 
142.6899222504, 
6.0056909888, 
154.9477079116, 
30.5241688149, 
30.5241688149, 
52.0216738275, 
64.0864616118, 
39.2846391677, 
84.8339160515, 
154.9477079116, 
52.0216738275, 
64.0864616118, 
95.0203200646, 
125.4405582042, 
59.4134606295, 
46.2167563241, 
84.8339160515, 
125.4405582042, 
56.6781823488, 
38.3382042130, 
26.9190059401, 
39.2846391677, 
95.0203200646, 
56.6781823488, 
69.5950836036, 
5.3272559189, 
71.8385349481, 
71.8385349481, 
147.5349811433, 
113.4738211958, 
5.3272559189, 
114.9852828343, 
113.4738211958, 
39.0793202061, 
17.7248168072, 
69.5950836036, 
114.9852828343, 
147.5349811433, 
167.8349654779, 
49.7636416907, 
111.2570460773, 
47.2640315069, 
49.7636416907, 
24.0137735508, 
117.7260096454, 
111.2570460773, 
24.0137735508, 
167.8349654779, 
47.2640315069, 
117.7260096454, 
116.5275464196, 
23.3411997635, 
46.9767811912, 
23.3411997635, 
69.5090499177, 
77.6355610712, 
116.5275464196, 
46.9767811912, 
69.5090499177, 
33.0324717606, 
33.0324717606, 
77.6355610712, 
137.7655583285, 
17.7248168072, 
71.3712698713, 
18.3062247308, 
163.3052080838, 
39.0793202061, 
137.7655583285, 
91.1924450475, 
20.4172867755, 
18.3062247308, 
68.2423628798, 
17.7010084908, 
72.0599488026, 
20.4172867755, 
163.3052080838, 
91.1924450475, 
72.0599488026, 
71.3712698713, 
96.1903994586, 
68.2423628798, 
59.7675858805, 
81.1053392941, 
38.9909940425, 
96.1903994586, 
17.7010084908, 
59.7675858805, 
147.1471190803, 
81.2460497581, 
81.2460497581, 
38.9909940425, 
63.9204084374, 
29.4270107937, 
21.8390085520, 
147.1471190803, 
81.1053392941, 
63.9204084374, 
20.3126338658, 
108.5413581414, 
52.0357795696, 
108.5413581414, 
69.1022765795, 
114.8421199706, 
20.3126338658, 
52.0357795696, 
3.9580306937, 
114.8421199706, 
147.4842358077, 
45.1267609878, 
3.9580306937, 
69.1022765795, 
38.6544396839, 
125.7902945716, 
38.6544396839, 
66.8771185557, 
32.3234130637, 
122.7936078673, 
120.3432488842, 
125.7902945716, 
66.8771185557, 
29.3153267714, 
79.2714135732, 
29.3153267714, 
112.0135208793, 
79.2714135732, 
112.0135208793, 
40.6012946450, 
43.6677801461, 
32.3234130637, 
22.8336541779, 
86.8201698801, 
40.6012946450, 
176.9335144989, 
122.7936078673, 
43.6677801461, 
176.9335144989, 
120.3432488842, 
22.8336541779, 
70.3461759419, 
70.3461759419, 
86.8201698801, 
21.7453420025, 
45.1267609878, 
33.0552832502, 
133.0966654588, 
147.4842358077, 
21.7453420025, 
33.0552832502, 
77.0341461472, 
89.5002809210, 
42.6743025283, 
77.0341461472, 
133.0966654588, 
50.1549664600, 
42.6743025283, 
134.3811756279, 
70.1315284204, 
89.5002809210, 
50.1549664600, 
89.6226867317, 
23.8656577052, 
67.0700187016, 
89.6226867317, 
67.0700187016, 
23.8656577052, 
60.5152923647, 
113.4595934686, 
60.5152923647, 
31.7169340911, 
31.7169340911, 
113.4595934686, 
134.3811756279, 
114.1002972302, 
114.1002972302, 
70.1315284204, 
152.2336509324, 
29.4270107937, 
47.9701215306, 
15.5066050504, 
152.2336509324, 
21.8390085520, 
119.3713407940, 
47.9701215306, 
119.3713407940, 
15.5066050504, 
20.7722546820, 
69.3285275167, 
93.7704680429, 
69.3285275167, 
5.1944289077, 
85.4279380031, 
20.7722546820, 
93.7704680429, 
32.1712171285, 
19.7767883245, 
19.7767883245, 
135.4817423535, 
32.1712171285, 
135.4817423535, 
15.2405252650, 
75.8731456807, 
15.2405252650, 
118.0630836286, 
48.9527796410, 
76.7709308379, 
118.0630836286, 
75.8731456807, 
76.7709308379, 
57.9300091686, 
48.9527796410, 
57.9300091686, 
47.0404075678, 
23.3467349861, 
110.6242375614, 
23.3467349861, 
97.6532786262, 
2.0985587924, 
110.6242375614, 
47.0404075678, 
80.5591417470, 
2.0985587924, 
59.4571450548, 
11.4488702324, 
80.5591417470, 
97.6532786262, 
59.4571450548, 
113.8387401832, 
136.6804424979, 
40.6012946450, 
113.8387401832, 
11.4488702324, 
41.1095695433, 
40.6012946450, 
136.6804424979, 
41.1095695433, 
5.1944289077, 
96.8332819265, 
96.8332819265, 
85.4279380031, 
120.0425237559, 
26.9190059401, 
18.8196523469, 
24.7121668609, 
120.0425237559, 
38.3382042130, 
174.0524559890, 
24.7121668609, 
18.8196523469, 
174.0524559890, 
78.7906089429, 
46.2167563241, 
5.0019815319, 
18.3487460688, 
78.7906089429, 
59.4134606295, 
100.1191734455, 
23.4786878859, 
100.1191734455, 
102.9709082420, 
102.9709082420, 
23.4786878859, 
5.0019815319, 
157.4452998734, 
18.3487460688, 
157.4452998734, 
8.2224657834, 
46.3486340670, 
133.4608186518, 
46.3486340670, 
90.0000000000, 
71.2929469840, 
133.4608186518, 
8.2224657834, 
20.0346089164, 
26.1785991133, 
153.4602580461, 
26.1785991133, 
21.3743256406, 
80.7197920292, 
153.4602580461, 
20.0346089164, 
105.1445601049, 
52.1253767302, 
105.1445601049, 
82.5604837270, 
41.3025616249, 
67.9782115111, 
82.5604837270, 
52.1253767302, 
158.4143347638, 
105.7461396771, 
51.5257408397, 
105.7461396771, 
114.5618271298, 
115.9082454572, 
51.5257408397, 
51.4131146263, 
115.9082454572, 
6.6122281238, 
74.0230074011, 
158.4143347638, 
114.5618271298, 
51.4131146263, 
112.4985230938, 
74.0230074011, 
87.6519244937, 
54.7127092548, 
6.6122281238, 
112.4985230938, 
54.7127092548, 
40.0612643299, 
87.6519244937, 
40.0612643299, 
103.0812062382, 
67.9782115111, 
103.0812062382, 
41.3025616249, 
140.1598677828, 
17.6423558290, 
23.9997996917, 
17.6423558290, 
56.7651415662, 
127.3270960672, 
140.1598677828, 
23.9997996917, 
14.3669362416, 
127.3270960672, 
56.7651415662, 
14.3669362416, 
81.9248743598, 
80.7197920292, 
81.9248743598, 
21.3743256406, 
45.6036544183, 
144.8422156720, 
69.0810727379, 
148.6532883751, 
102.0214609690, 
69.0810727379, 
73.1510185357, 
102.0214609690, 
144.8422156720, 
73.1510185357, 
148.6532883751, 
45.6036544183, 
114.1577007277, 
116.4164198298, 
56.7594814012, 
116.4164198298, 
114.1577007277, 
56.7594814012, 
71.2929469840, 
159.7634767055, 
90.0000000000, 
159.7634767055, 
39.9390250816, 
126.7434698368, 
28.1401156926, 
126.7434698368, 
151.2962351202, 
10.6138964859, 
151.2962351202, 
22.6015746426, 
141.5043163515, 
157.7411727957, 
121.0022488914, 
141.5043163515, 
121.0022488914, 
157.7411727957, 
10.2590398729, 
29.8027771880, 
10.2590398729, 
140.7220788646, 
140.7220788646, 
29.8027771880, 
55.8779707849, 
103.3546719111, 
67.2083514340, 
28.8861723564, 
20.8169937482, 
103.3546719111, 
60.0419332832, 
58.5588115338, 
14.7669318667, 
81.9871785607, 
61.6019049005, 
106.4847285245, 
126.4960374389, 
60.0419332832, 
34.1100072672, 
51.9663449065, 
106.4847285245, 
133.7116527034, 
94.6923069080, 
14.7669318667, 
26.9666866234, 
16.8087840504, 
59.0626192623, 
61.6019049005, 
133.7116527034, 
59.7705413178, 
58.5588115338, 
118.4192122185, 
36.4730346012, 
126.4960374389, 
59.7705413178, 
94.6923069080, 
81.9871785607, 
84.4722785419, 
67.3197688814, 
99.2698490703, 
116.2267985593, 
67.3197688814, 
40.3211481028, 
88.1075217528, 
41.3093643693, 
84.4722785419, 
116.2267985593, 
24.1996441318, 
24.1996441318, 
99.2698490703, 
40.3211481028, 
5.9403046979, 
55.4818668515, 
124.0824242995, 
55.4818668515, 
31.7817935378, 
67.7439162395, 
5.9403046979, 
124.0824242995, 
67.0977940079, 
10.7450185272, 
122.0053832081, 
10.7450185272, 
33.3772054137, 
67.0977940079, 
122.0053832081, 
146.6227945863, 
146.6227945863, 
33.3772054137, 
86.4261776554, 
67.7439162395, 
40.1623811396, 
6.6451457294, 
31.7817935378, 
86.4261776554, 
38.2855245460, 
25.0079228469, 
43.7609012055, 
150.5343025598, 
25.0079228469, 
111.6693073931, 
150.5343025598, 
38.2855245460, 
112.7806173865, 
64.8286130399, 
27.0947874801, 
112.7806173865, 
111.6693073931, 
43.7609012055, 
108.4111015645, 
19.6431206962, 
74.0735480304, 
57.8419774749, 
19.6431206962, 
121.4393287073, 
99.5524104101, 
13.5956318608, 
57.8419774749, 
108.4111015645, 
7.2160805643, 
7.2160805643, 
121.4393287073, 
74.0735480304, 
99.5524104101, 
68.0168046873, 
68.0168046873, 
13.5956318608, 
85.7958035867, 
21.6278882484, 
21.6278882484, 
76.2005146040, 
18.4735739831, 
121.0118443006, 
85.7958035867, 
76.2005146040, 
17.9007068912, 
58.0337914718, 
123.6539105902, 
17.9007068912, 
123.6539105902, 
58.0337914718, 
18.4735739831, 
61.4050422667, 
89.3726108756, 
116.7879811466, 
121.0118443006, 
61.4050422667, 
33.1638997943, 
60.3643014326, 
60.3643014326, 
86.5766368841, 
33.1638997943, 
86.5766368841, 
116.7879811466, 
29.7101125870, 
23.6311645984, 
93.9118480934, 
89.3726108756, 
29.7101125870, 
78.9570447199, 
21.0159528678, 
121.7979806005, 
78.9570447199, 
121.7979806005, 
21.0159528678, 
88.8499076014, 
4.0209325309, 
90.0000000000, 
88.8499076014, 
90.0000000000, 
4.0209325309, 
14.1488191501, 
105.8353941767, 
14.1488191501, 
73.5004618912, 
104.4263994238, 
11.5687985376, 
73.5004618912, 
105.8353941767, 
66.6017341609, 
11.5687985376, 
96.5511175161, 
10.7547882115, 
104.4263994238, 
66.6017341609, 
6.1905757168, 
54.7118480793, 
131.1751089754, 
6.1905757168, 
131.1751089754, 
54.7118480793, 
84.6654964739, 
10.7547882115, 
0.0000022589, 
31.8265924826, 
84.6654964739, 
96.5511175161, 
76.1050260047, 
42.2753907789, 
76.1050260047, 
66.8454365153, 
39.2463571528, 
77.2950005051, 
42.2753907789, 
66.8454365153, 
155.1819517662, 
55.1654090648, 
155.1819517662, 
30.3632285117, 
30.3632285117, 
55.1654090648, 
29.5668536054, 
93.7034836215, 
38.5746628389, 
112.8538132820, 
99.7970154815, 
38.5746628389, 
68.3760551014, 
99.7970154815, 
93.7034836215, 
68.3760551014, 
112.8538132820, 
29.5668536054, 
63.5986487761, 
77.2950005051, 
63.5986487761, 
39.2463571528, 
9.6958422395, 
73.1220893849, 
97.4022248259, 
9.6958422395, 
97.4022248259, 
73.1220893849, 
31.8265924826, 
148.1734075174, 
0.0000019091, 
148.1734075174, 
41.4148003787, 
97.6225136600, 
20.8831585445, 
120.6647809235, 
97.0201210265, 
97.6225136600, 
77.5316120319, 
10.1195622821, 
156.3114756654, 
97.0201210265, 
20.8831585445, 
53.5432709309, 
16.5388296380, 
120.6647809235, 
156.3114756654, 
41.4148003787, 
16.5388296380, 
142.9286109362, 
7.4646945220, 
71.5763428794, 
53.5432709309, 
142.9286109362, 
108.9353712679, 
7.4646945220, 
59.9512703883, 
16.3896144358, 
65.3348026017, 
108.9353712679, 
71.5763428794, 
16.3896144358, 
105.7291571295, 
105.1240073083, 
43.8763108316, 
27.1080775003, 
59.9512703883, 
105.7291571295, 
156.3203035661, 
41.0477634027, 
52.3986386200, 
65.3348026017, 
156.3203035661, 
105.1240073083, 
67.6436539859, 
79.5545871708, 
51.7246616608, 
79.5545871708, 
67.6436539859, 
51.7246616608, 
86.7694015989, 
52.3986386200, 
45.4340755451, 
39.3493969867, 
38.6316359902, 
86.7694015989, 
41.0477634027, 
122.4202554589, 
62.8860505449, 
62.8860505449, 
32.0041841308, 
122.4202554589, 
32.0041841308, 
45.4340755451, 
109.5792290475, 
102.3615490242, 
56.8254577324, 
68.2455625695, 
39.3493969867, 
109.5792290475, 
166.6021947209, 
13.4581513220, 
138.9889184384, 
38.6316359902, 
102.3615490242, 
166.6021947209, 
13.4581513220, 
54.2544453125, 
138.9889184384, 
54.2544453125, 
56.8254577324, 
146.7904743359, 
55.2132856990, 
14.5366740934, 
146.7904743359, 
68.2455625695, 
92.4606842868, 
17.2424306393, 
74.1467089705, 
17.2424306393, 
46.6379855958, 
41.4965428015, 
92.4606842868, 
74.1467089705, 
46.6379855958, 
97.7581528889, 
41.4965428015, 
97.7581528889, 
128.1767029193, 
22.1804526695, 
128.1767029193, 
60.0402787065, 
22.1804526695, 
60.0402787065, 
113.3458876842, 
14.5366740934, 
113.3458876842, 
55.2132856990, 
27.1080775003, 
111.5475200164, 
139.8947632310, 
2.3630058037, 
43.8763108316, 
111.5475200164, 
40.3337805692, 
139.8947632310, 
40.3337805692, 
2.3630058037, 
9.1623470457, 
145.9584045910, 
9.1623470457, 
25.1224041428, 
30.6663659447, 
79.5393841633, 
25.1224041428, 
145.9584045910, 
79.5393841633, 
123.9788358996, 
30.6663659447, 
123.9788358996, 
10.7358209050, 
61.9566643204, 
107.8809288492, 
61.9566643204, 
155.2961786571, 
23.3903033697, 
10.7358209050, 
107.8809288492, 
13.0600716755, 
20.0475247254, 
54.1503788381, 
148.2722501324, 
20.0475247254, 
105.8236832179, 
13.4083390110, 
121.6419635160, 
13.0600716755, 
148.2722501324, 
135.8714077721, 
135.8714077721, 
54.1503788381, 
105.8236832179, 
82.0138760485, 
13.4708255079, 
82.0138760485, 
105.2358843955, 
105.2358843955, 
13.4708255079, 
23.6235397701, 
28.2492092949, 
143.0877878187, 
23.6235397701, 
143.0877878187, 
28.2492092949, 
121.6419635160, 
46.5931415302, 
13.4083390110, 
46.5931415302, 
58.7776996748, 
134.2350617637, 
74.5784079829, 
46.6639168332, 
31.7242263255, 
74.5784079829, 
28.2690338613, 
90.8443112508, 
100.6602382509, 
103.4330240035, 
46.6639168332, 
58.7776996748, 
29.9571073869, 
87.1558170249, 
103.4330240035, 
31.7242263255, 
134.2350617637, 
105.3979218635, 
87.1558170249, 
105.3979218635, 
29.9571073869, 
106.4154272458, 
100.6602382509, 
43.3621051711, 
13.3284373773, 
30.5246228530, 
28.2690338613, 
75.0579466206, 
106.4154272458, 
66.3178050555, 
15.1959593667, 
75.0579466206, 
90.8443112508, 
43.3621051711, 
99.8708896061, 
15.1959593667, 
66.3178050555, 
99.8708896061, 
157.2249642732, 
30.5246228530, 
14.3743469420, 
135.1150520754, 
13.3284373773, 
157.2249642732, 
66.0375110254, 
38.9293764864, 
76.1473312392, 
66.0375110254, 
76.1473312392, 
38.9293764864, 
89.4294716666, 
66.0936286006, 
89.4294716666, 
28.2828815840, 
4.9341776361, 
78.5018357300, 
28.2828815840, 
66.0936286006, 
25.7260011000, 
136.4514265148, 
25.7260011000, 
66.3205062303, 
136.4514265148, 
66.3205062303, 
78.5018357300, 
106.3118742718, 
4.9341776361, 
106.3118742718, 
14.3743469420, 
48.8311278304, 
48.8311278304, 
135.1150520754, 
47.4561764225, 
155.2961786571, 
47.4561764225, 
23.3903033697, 
10.1195622821, 
112.2076542986, 
10.8571626387, 
16.9504216125, 
77.5316120319, 
112.2076542986, 
36.6992252005, 
74.9333911001, 
36.6992252005, 
110.8445721161, 
14.0362434679, 
18.4349488229, 
110.8445721161, 
74.9333911001, 
14.0362434679, 
147.5288077092, 
18.4349488229, 
147.5288077092, 
168.8951964386, 
16.9504216125, 
22.4962279703, 
105.1581894813, 
10.8571626387, 
168.8951964386, 
22.4962279703, 
52.7325017912, 
52.7325017912, 
105.1581894813, 
23.6311645984, 
86.4857828678, 
27.4358308406, 
167.0015227100, 
93.9118480934, 
86.4857828678, 
27.4358308406, 
38.3367703779, 
15.3666901369, 
52.2680295886, 
167.0015227100, 
38.3367703779, 
113.0645803724, 
52.2680295886, 
15.3666901369, 
113.0645803724, 
90.0000000000, 
27.0947874801, 
28.2470421866, 
37.2603821072, 
127.3814535124, 
90.0000000000, 
64.8286130399, 
30.8976266270, 
72.2269019583, 
72.2269019583, 
79.8795501370, 
30.8976266270, 
79.8795501370, 
39.8596329922, 
77.6994969674, 
127.3814535124, 
114.5383283521, 
39.8596329922, 
28.2470421866, 
114.5383283521, 
77.6994969674, 
37.2603821072, 
136.0511248465, 
6.6451457294, 
40.1623811396, 
136.0511248465, 
88.1075217528, 
129.4189419488, 
58.9500301546, 
81.9275001376, 
129.4189419488, 
41.3093643693, 
137.0298575493, 
1.0139787228, 
42.4247959836, 
137.0298575493, 
30.1574577044, 
4.6772088913, 
42.4247959836, 
1.0139787228, 
18.6532954797, 
94.8015362643, 
94.8015362643, 
73.7203267979, 
123.3669112284, 
35.4543949772, 
18.6532954797, 
73.7203267979, 
22.3997803891, 
48.1798301199, 
115.3769335252, 
48.1798301199, 
16.8969406107, 
37.8749836511, 
115.3769335252, 
22.3997803891, 
64.0543996598, 
93.9214127749, 
66.9857693270, 
93.9214127749, 
143.4755805762, 
37.0217355382, 
67.9356963762, 
50.9489980077, 
66.9857693270, 
50.1299264773, 
37.0217355382, 
64.0543996598, 
143.4755805762, 
50.1299264773, 
67.9356963762, 
62.6349502801, 
62.6349502801, 
50.9489980077, 
145.4399502578, 
43.8687832690, 
43.8687832690, 
78.3026104931, 
145.4399502578, 
78.3026104931, 
125.6859894862, 
37.8749836511, 
125.6859894862, 
16.8969406107, 
50.8294837290, 
17.6181772131, 
119.7550752260, 
17.6181772131, 
48.4460512897, 
105.8509756659, 
119.7550752260, 
50.8294837290, 
16.2767670225, 
133.9411917563, 
62.0268422510, 
16.2767670225, 
28.0724869359, 
100.6344276701, 
62.0268422510, 
133.9411917563, 
14.7631326236, 
56.1642787046, 
138.2679964859, 
14.7631326236, 
138.2679964859, 
56.1642787046, 
51.6303927878, 
28.0724869359, 
22.1735194307, 
116.1624157198, 
51.6303927878, 
100.6344276701, 
116.1624157198, 
49.4543133224, 
42.4219368867, 
19.0326279024, 
22.1735194307, 
49.4543133224, 
45.9030916516, 
63.9675830092, 
70.6471348522, 
63.9675830092, 
92.6457520323, 
51.5224028586, 
44.8329062543, 
45.9030916516, 
70.6471348522, 
12.9118271816, 
43.5693871429, 
138.8783306256, 
12.9118271816, 
138.8783306256, 
43.5693871429, 
37.7307514180, 
51.5224028586, 
92.2530679831, 
40.0218031220, 
19.9863634195, 
111.0439588635, 
92.2530679831, 
44.8329062543, 
47.0511679607, 
59.1464602613, 
37.7307514180, 
92.6457520323, 
111.0439588635, 
73.8152280173, 
59.1464602613, 
78.7960059324, 
47.0523408877, 
47.0511679607, 
73.8152280173, 
93.1690032784, 
78.7960059324, 
93.1690032784, 
47.0523408877, 
19.9863634195, 
131.7304524940, 
40.0218031220, 
131.7304524940, 
50.0026037203, 
58.0320313923, 
148.8225187160, 
58.0320313923, 
120.6578100447, 
29.5499413511, 
148.8225187160, 
50.0026037203, 
58.6725918922, 
120.6578100447, 
58.6725918922, 
29.5499413511, 
19.0326279024, 
123.0557311509, 
42.4219368867, 
123.0557311509, 
71.7250441468, 
105.8509756659, 
48.4460512897, 
71.7250441468, 
35.4543949772, 
28.7974188674, 
123.3669112284, 
28.7974188674, 
30.1574577044, 
152.5834512473, 
152.5834512473, 
4.6772088913, 
39.1228769214, 
58.9500301546, 
110.0234849656, 
22.9109009164, 
39.1228769214, 
81.9275001376, 
110.0234849656, 
89.3077102301, 
68.7427189060, 
67.3801350520, 
52.3708200401, 
22.9109009164, 
89.3077102301, 
83.8961927291, 
65.1446681868, 
33.2284380736, 
65.1446681868, 
33.2284380736, 
83.8961927291, 
68.7427189060, 
156.5191427557, 
156.9808908612, 
156.5191427557, 
67.3801350520, 
139.5037191522, 
34.0563823273, 
141.6825634127, 
156.9808908612, 
52.3708200401, 
139.5037191522, 
35.7140747105, 
33.8783262462, 
141.9444890146, 
126.8105672831, 
35.7140747105, 
47.3732424696, 
47.3732424696, 
71.7673895735, 
141.9444890146, 
126.8105672831, 
33.8783262462, 
71.7673895735, 
29.5979203281, 
69.0515563374, 
29.5979203281, 
136.0865619772, 
136.0865619772, 
69.0515563374, 
141.6825634127, 
50.7482150758, 
34.0563823273, 
50.7482150758, 
87.6384146405, 
36.4730346012, 
20.0331458227, 
137.7674088004, 
59.4597134300, 
87.6384146405, 
118.4192122185, 
39.1536346743, 
15.1163432066, 
150.3518119776, 
39.1536346743, 
59.2631680462, 
7.4932929531, 
150.3518119776, 
15.1163432066, 
7.4932929531, 
119.6104531469, 
34.6164957807, 
74.4562442037, 
59.2631680462, 
119.6104531469, 
72.4775649964, 
74.4562442037, 
103.5720069690, 
22.5428177791, 
72.4775649964, 
34.6164957807, 
103.5720069690, 
98.2193498734, 
98.2193498734, 
22.5428177791, 
59.4597134300, 
130.9875899415, 
32.8275827781, 
23.8089944694, 
38.6032004893, 
137.7674088004, 
23.5244370621, 
32.8275827781, 
20.0331458227, 
23.5244370621, 
130.9875899415, 
153.8496117800, 
71.2428627583, 
45.5274310890, 
153.8496117800, 
20.2869127439, 
51.9433345686, 
45.5274310890, 
71.2428627583, 
51.9433345686, 
142.8122618344, 
20.2869127439, 
142.8122618344, 
79.9770108633, 
168.3117073559, 
79.9770108633, 
80.4651329459, 
168.3117073559, 
80.4651329459, 
38.6032004893, 
153.1872295613, 
23.8089944694, 
153.1872295613, 
59.0626192623, 
94.1776018177, 
134.7531435714, 
9.3273051421, 
120.4224473751, 
16.8087840504, 
138.7154935667, 
134.7531435714, 
27.7585406011, 
117.4288564410, 
56.9747341073, 
26.9666866234, 
138.7154935667, 
94.1776018177, 
45.9950022541, 
42.8199466732, 
45.9950022541, 
150.9487696146, 
44.9661685207, 
64.4401537565, 
42.8199466732, 
150.9487696146, 
74.6422368300, 
64.4401537565, 
44.9661685207, 
74.6422368300, 
86.1165441250, 
27.7585406011, 
95.7887808453, 
36.1203373269, 
86.2768752393, 
86.1165441250, 
117.4288564410, 
20.0336347394, 
95.7887808453, 
20.0336347394, 
56.9747341073, 
16.7348604028, 
119.9396907144, 
119.9396907144, 
45.7774492116, 
140.4173907024, 
28.9061240046, 
16.7348604028, 
45.7774492116, 
24.2156417813, 
63.9053383776, 
63.9053383776, 
108.8602959066, 
79.9226771828, 
61.1160409122, 
24.2156417813, 
108.8602959066, 
86.0544683824, 
79.9226771828, 
86.0544683824, 
61.1160409122, 
55.3582980537, 
122.5470327439, 
122.5470327439, 
9.6102254160, 
36.5181820178, 
122.8167936590, 
70.6150381059, 
55.3582980537, 
9.6102254160, 
122.8167936590, 
78.5910946244, 
104.2051587576, 
70.6150381059, 
89.6056125423, 
104.2051587576, 
36.5181820178, 
78.5910946244, 
89.6056125423, 
38.9489033421, 
140.4173907024, 
38.9489033421, 
28.9061240046, 
36.1203373269, 
81.3206767098, 
118.9488439953, 
70.8259856600, 
81.3206767098, 
86.2768752393, 
56.0973628917, 
32.4653644404, 
30.5673307010, 
32.4653644404, 
147.3881872183, 
137.3752899625, 
56.0973628917, 
147.3881872183, 
105.0574759166, 
30.5673307010, 
105.0574759166, 
137.3752899625, 
22.5357870140, 
5.6784613332, 
22.5357870140, 
152.0710295770, 
13.3773658317, 
121.6291680600, 
5.6784613332, 
152.0710295770, 
13.3773658317, 
46.6486591603, 
14.2882517114, 
33.7852830014, 
121.6291680600, 
46.6486591603, 
132.2736890061, 
33.7852830014, 
132.2736890061, 
14.2882517114, 
82.7105676324, 
118.9488439953, 
82.7105676324, 
70.8259856600, 
50.7151509697, 
120.4224473751, 
57.9629793771, 
134.7077453421, 
50.7151509697, 
9.3273051421, 
78.3007056521, 
11.6123276720, 
101.2798151507, 
78.3007056521, 
47.4162917063, 
66.4049308268, 
101.2798151507, 
11.6123276720, 
49.7675232389, 
98.5982411932, 
49.7675232389, 
34.1495158993, 
50.7701130450, 
31.4296491682, 
34.1495158993, 
98.5982411932, 
97.9638871273, 
50.7701130450, 
34.4139067883, 
94.8373971833, 
97.9638871273, 
31.4296491682, 
8.8863677173, 
96.2430877470, 
92.0421180323, 
8.8863677173, 
76.5457977586, 
59.5237642842, 
92.0421180323, 
96.2430877470, 
135.8530246243, 
58.0362813921, 
58.0362813921, 
28.2161486714, 
5.9160738643, 
23.1246111627, 
135.8530246243, 
28.2161486714, 
157.8167261364, 
23.1246111627, 
5.9160738643, 
157.8167261364, 
46.1308444938, 
76.5457977586, 
46.1308444938, 
59.5237642842, 
56.3962106351, 
94.8373971833, 
34.4139067883, 
56.3962106351, 
7.2486524030, 
109.6395551029, 
76.4942150728, 
109.6395551029, 
7.2486524030, 
76.4942150728, 
47.4162917063, 
103.2312242046, 
66.4049308268, 
103.2312242046, 
77.4003809163, 
57.9629793771, 
77.4003809163, 
134.7077453421, 
51.9663449065, 
108.1309425990, 
63.4006869948, 
11.3835536502, 
34.1100072672, 
108.1309425990, 
15.1173296300, 
26.1170682185, 
138.8008486196, 
26.1170682185, 
56.8508263492, 
47.0185757474, 
91.7805640653, 
138.8008486196, 
15.1173296300, 
25.5790916985, 
120.6085132362, 
73.6699979096, 
120.6085132362, 
51.8785143943, 
11.7859906526, 
25.5790916985, 
73.6699979096, 
59.8076631994, 
74.0536916573, 
48.3642518617, 
157.3391315810, 
74.0536916573, 
63.2234358981, 
36.4983447929, 
90.9911740296, 
157.3391315810, 
59.8076631994, 
72.3072022001, 
72.3072022001, 
63.2234358981, 
48.3642518617, 
87.0619149024, 
23.6791094054, 
69.2636256453, 
87.0619149024, 
16.9350608667, 
101.0439386277, 
69.2636256453, 
23.6791094054, 
65.9881708290, 
35.0122124883, 
35.0122124883, 
79.0001936700, 
34.0837149786, 
35.7984376959, 
65.9881708290, 
79.0001936700, 
35.7984376959, 
114.6693761931, 
41.7954839442, 
60.2072944562, 
11.7261802029, 
34.0837149786, 
114.6693761931, 
24.3767764888, 
56.3172457468, 
24.3767764888, 
116.2988616004, 
56.3172457468, 
116.2988616004, 
75.5924205491, 
30.9382527830, 
75.5924205491, 
78.3601617811, 
78.3601617811, 
30.9382527830, 
96.8791408009, 
127.3908497846, 
60.2072944562, 
14.5546321971, 
29.0074578417, 
126.9277474941, 
127.3908497846, 
11.7261802029, 
30.5676696276, 
16.3772687310, 
60.9316030704, 
96.8791408009, 
126.9277474941, 
41.7954839442, 
15.0119128896, 
46.3446940735, 
15.0119128896, 
120.5623155152, 
50.2924813010, 
94.5990719142, 
79.7711187554, 
120.5623155152, 
46.3446940735, 
84.6571275259, 
90.0000000000, 
30.5902698038, 
58.0243411924, 
69.5789183564, 
84.6571275259, 
58.0243411924, 
90.0000000000, 
90.0000000000, 
35.1596771561, 
101.5887719860, 
69.5789183564, 
90.0000000000, 
30.5902698038, 
125.1482670242, 
46.4649022849, 
125.1482670242, 
85.1092523511, 
85.1092523511, 
46.4649022849, 
35.1596771561, 
47.0460057693, 
101.5887719860, 
47.0460057693, 
53.0818455202, 
129.0437033531, 
79.7711187554, 
70.4787578573, 
94.5990719142, 
129.0437033531, 
93.8190260622, 
42.6098039528, 
70.4787578573, 
50.2924813010, 
53.0818455202, 
109.9577435795, 
42.6098039528, 
109.9577435795, 
93.8190260622, 
30.5676696276, 
145.3143681566, 
93.1314087416, 
145.3143681566, 
16.3772687310, 
109.2608514912, 
3.3664606634, 
125.6622555428, 
93.1314087416, 
60.9316030704, 
109.2608514912, 
132.7582905249, 
86.4964683552, 
77.6640971491, 
86.7814735026, 
77.6640971491, 
17.5484006138, 
132.7582905249, 
87.9752721869, 
86.7814735026, 
87.9752721869, 
86.4964683552, 
17.5484006138, 
58.6140555204, 
50.0881544521, 
4.6612015103, 
58.6140555204, 
71.5610781022, 
117.0703203712, 
31.4328365192, 
53.8590167288, 
50.0881544521, 
71.5610781022, 
134.3767812840, 
4.6612015103, 
117.0703203712, 
134.3767812840, 
53.8590167288, 
94.7442721134, 
167.7468726903, 
66.8286048106, 
31.4328365192, 
94.7442721134, 
167.7468726903, 
70.9222430051, 
101.7162903050, 
27.0023484921, 
70.9222430051, 
66.8286048106, 
102.8511224766, 
27.0023484921, 
102.8511224766, 
101.7162903050, 
57.2114538341, 
3.3664606634, 
57.2114538341, 
125.6622555428, 
14.5546321971, 
143.0673670016, 
29.0074578417, 
143.0673670016, 
16.9350608667, 
67.5683757956, 
39.0028505020, 
150.6972432862, 
101.0439386277, 
67.5683757956, 
150.6972432862, 
44.2781005830, 
39.0028505020, 
44.2781005830, 
72.6710934685, 
78.8862228466, 
72.6710934685, 
33.6900675260, 
33.6900675260, 
78.8862228466, 
54.4228481908, 
36.4983447929, 
55.0807276582, 
5.2829014893, 
54.4228481908, 
90.9911740296, 
127.8630215313, 
5.2829014893, 
127.8630215313, 
55.0807276582, 
20.5295769724, 
28.0724869359, 
131.5557122735, 
28.0724869359, 
20.5295769724, 
131.5557122735, 
15.3905304167, 
49.4415708012, 
116.3140231944, 
49.4415708012, 
15.3905304167, 
116.3140231944, 
137.2583034920, 
11.7859906526, 
78.7200935708, 
49.1794960695, 
51.8785143943, 
137.2583034920, 
86.9034325639, 
49.1794960695, 
79.9984272037, 
114.5316813727, 
78.7200935708, 
86.9034325639, 
35.7087294410, 
111.6925059929, 
35.7087294410, 
33.5581738352, 
90.6112643852, 
36.4152339354, 
33.5581738352, 
111.6925059929, 
90.6112643852, 
118.6157292293, 
118.6157292293, 
36.4152339354, 
114.5316813727, 
22.7339747783, 
15.8294036353, 
87.8609033745, 
79.9984272037, 
22.7339747783, 
76.3984797141, 
87.8609033745, 
129.2337315357, 
34.3841518527, 
76.3984797141, 
15.8294036353, 
84.1495195492, 
42.5192103357, 
55.0662006792, 
84.1495195492, 
38.3397812632, 
103.0043627338, 
55.0662006792, 
42.5192103357, 
104.6032867542, 
15.6944633080, 
104.6032867542, 
68.2074473414, 
106.4368281986, 
17.4463523372, 
68.2074473414, 
15.6944633080, 
57.7919562576, 
31.3714929059, 
152.7563535385, 
31.3714929059, 
57.7919562576, 
152.7563535385, 
59.2584956083, 
17.4463523372, 
94.7346388541, 
14.0362434679, 
106.4368281986, 
59.2584956083, 
94.7346388541, 
71.3185554179, 
14.0362434679, 
71.3185554179, 
21.1612598168, 
62.7850772928, 
21.1612598168, 
96.7155956467, 
27.4367142520, 
56.4053084804, 
62.7850772928, 
96.7155956467, 
56.4053084804, 
130.6281312805, 
27.4367142520, 
130.6281312805, 
43.9157669715, 
38.1196135533, 
38.1196135533, 
144.9149144820, 
70.0208452929, 
34.1015823097, 
43.9157669715, 
144.9149144820, 
70.0208452929, 
76.0765044490, 
34.1015823097, 
76.0765044490, 
38.3397812632, 
39.9718808077, 
17.6260006633, 
9.8135364726, 
103.0043627338, 
39.9718808077, 
92.9577289097, 
27.7557311774, 
114.7959091201, 
27.7557311774, 
114.7959091201, 
92.9577289097, 
26.7423583027, 
80.6934607147, 
72.5805147278, 
26.7423583027, 
72.5805147278, 
80.6934607147, 
9.8135364726, 
152.6319405364, 
18.4120509243, 
64.9213563118, 
17.6260006633, 
152.6319405364, 
24.5808244421, 
46.7282378901, 
128.9536740560, 
108.9858454852, 
4.9981084908, 
46.7282378901, 
75.0873764175, 
4.9981084908, 
128.9536740560, 
108.9858454852, 
75.0873764175, 
24.5808244421, 
4.6339131396, 
55.7548887804, 
126.4747013105, 
55.7548887804, 
4.6339131396, 
126.4747013105, 
96.6821550126, 
18.4120509243, 
11.5922309316, 
60.5393833155, 
96.6821550126, 
64.9213563118, 
116.7243699248, 
60.5393833155, 
11.5922309316, 
116.7243699248, 
129.2337315357, 
63.4549995316, 
34.3841518527, 
63.4549995316, 
49.2927401398, 
112.5167180473, 
91.7805640653, 
130.1947331513, 
86.0145118720, 
14.2622667838, 
77.4973702051, 
56.8508263492, 
49.2927401398, 
61.9164106738, 
73.3993195679, 
77.4973702051, 
47.0185757474, 
112.5167180473, 
17.3982194990, 
64.5096440271, 
99.5558255133, 
17.3982194990, 
16.7828433098, 
72.0409530745, 
99.5558255133, 
64.5096440271, 
41.7689029535, 
145.6417117412, 
122.5600544403, 
21.6257805519, 
154.7075006875, 
122.5600544403, 
22.3197142749, 
154.7075006875, 
145.6417117412, 
22.3197142749, 
21.6257805519, 
41.7689029535, 
78.8030896597, 
7.4532954079, 
78.8030896597, 
93.7696246509, 
83.4768251767, 
108.9516088260, 
7.4532954079, 
93.7696246509, 
83.4768251767, 
97.4448174088, 
97.4448174088, 
108.9516088260, 
72.0409530745, 
91.3264785264, 
51.7579340108, 
12.5445924108, 
16.7828433098, 
91.3264785264, 
131.5989191256, 
29.2456824946, 
29.2456824946, 
46.5430842424, 
113.0684447746, 
34.6951535312, 
131.5989191256, 
46.5430842424, 
113.0684447746, 
101.0571209091, 
144.7231776025, 
55.2329875174, 
101.0571209091, 
34.6951535312, 
23.1690792106, 
32.6557761767, 
23.1690792106, 
156.9442104889, 
95.8054575028, 
35.9645148230, 
156.9442104889, 
32.6557761767, 
19.9540673802, 
92.9896064262, 
67.1246058319, 
92.9896064262, 
19.9540673802, 
67.1246058319, 
64.3232958419, 
39.7716993218, 
64.3232958419, 
76.0757833606, 
24.4937943984, 
76.1057996580, 
57.8562647143, 
76.0757833606, 
39.7716993218, 
8.2390972836, 
66.4270238408, 
8.2390972836, 
119.6136057950, 
4.3240431966, 
172.9296551798, 
119.6136057950, 
66.4270238408, 
3.5468105905, 
172.9296551798, 
4.3240431966, 
3.5468105905, 
11.0697634485, 
74.8185971929, 
115.8821830722, 
74.8185971929, 
11.0697634485, 
115.8821830722, 
47.0510481309, 
42.3053424701, 
47.0510481309, 
91.9724898038, 
43.9039854816, 
137.1983894505, 
42.3053424701, 
91.9724898038, 
107.0497811889, 
62.6159233986, 
18.8460872933, 
107.0497811889, 
18.8460872933, 
62.6159233986, 
31.0068768603, 
71.1528338190, 
137.7350521826, 
31.0068768603, 
58.4023153135, 
114.7931488923, 
137.7350521826, 
71.1528338190, 
37.9909578254, 
13.6724476590, 
13.6724476590, 
132.8368333363, 
37.9909578254, 
132.8368333363, 
7.5638213696, 
128.5782287764, 
7.5638213696, 
52.4398277469, 
128.5782287764, 
52.4398277469, 
8.6599598408, 
114.7931488923, 
16.5358872434, 
62.7142696359, 
58.4023153135, 
8.6599598408, 
16.5358872434, 
133.6030642828, 
15.1135978733, 
46.6235707477, 
133.6030642828, 
62.7142696359, 
143.3523246031, 
15.1135978733, 
67.4668978030, 
80.9409534816, 
143.3523246031, 
46.6235707477, 
67.4668978030, 
166.3764159776, 
153.9364054709, 
14.0026134141, 
166.3764159776, 
80.9409534816, 
14.0026134141, 
24.1660423727, 
15.9504863775, 
124.7695123174, 
153.9364054709, 
24.1660423727, 
15.9504863775, 
70.3181856116, 
81.1687012456, 
88.1408730166, 
60.9278348082, 
124.7695123174, 
70.3181856116, 
89.9437256075, 
15.3925954401, 
105.3923280794, 
15.3925954401, 
105.3923280794, 
89.9437256075, 
88.1408730166, 
32.0603216616, 
53.4837466042, 
112.2941054520, 
19.0949276734, 
60.9278348082, 
106.5044815697, 
53.4837466042, 
34.0007601090, 
167.7848689597, 
81.1687012456, 
32.0603216616, 
106.5044815697, 
71.5544137081, 
80.9149014908, 
39.7956557605, 
80.9149014908, 
71.5544137081, 
39.7956557605, 
133.0534648514, 
39.8699866849, 
133.0534648514, 
85.2206835179, 
39.8699866849, 
85.2206835179, 
22.2893272244, 
167.7848689597, 
34.0007601090, 
22.2893272244, 
46.2031792471, 
42.3868987416, 
42.3868987416, 
100.6086183941, 
46.2031792471, 
100.6086183941, 
19.0949276734, 
77.0712392127, 
112.2941054520, 
77.0712392127, 
57.7610164764, 
137.1983894505, 
9.9007043623, 
118.0412334505, 
57.7610164764, 
43.9039854816, 
20.8484825013, 
11.9072986059, 
147.4566943150, 
20.8484825013, 
17.3410630087, 
47.8894357274, 
147.4566943150, 
11.9072986059, 
140.7458480878, 
47.8894357274, 
54.8414596498, 
48.7374885682, 
17.3410630087, 
140.7458480878, 
81.7805152756, 
14.2438292359, 
107.5061515740, 
14.2438292359, 
81.7805152756, 
107.5061515740, 
86.1699557218, 
48.6862250149, 
140.9749140725, 
48.6862250149, 
86.1699557218, 
140.9749140725, 
48.7374885682, 
111.5745325559, 
54.8414596498, 
111.5745325559, 
56.5240319373, 
9.9007043623, 
76.4968119687, 
17.7349476291, 
52.7159775159, 
56.5240319373, 
118.0412334505, 
153.4481678910, 
85.8431343556, 
85.8431343556, 
63.4946631075, 
153.4481678910, 
63.4946631075, 
27.7028243257, 
3.5246690408, 
3.5246690408, 
152.5766375241, 
27.7028243257, 
152.5766375241, 
17.7349476291, 
90.1019271100, 
130.5863163037, 
154.1959146381, 
8.4873401868, 
76.4968119687, 
90.1019271100, 
117.2722382539, 
35.1732201294, 
93.3564845562, 
102.6113669994, 
52.7159775159, 
117.2722382539, 
130.5863163037, 
102.6113669994, 
112.5120829314, 
33.2002861200, 
93.3564845562, 
55.6911480543, 
33.2002861200, 
35.1732201294, 
55.6911480543, 
112.5120829314, 
53.0338675369, 
25.5845793964, 
53.0338675369, 
102.5822753438, 
102.5822753438, 
25.5845793964, 
1.2453642668, 
71.7278715502, 
108.6502320019, 
1.2453642668, 
80.3205280936, 
10.7973271068, 
108.6502320019, 
71.7278715502, 
96.2599457079, 
10.7973271068, 
6.7082519304, 
153.4612490211, 
80.3205280936, 
96.2599457079, 
27.8232687686, 
48.7425653793, 
110.2641237957, 
48.7425653793, 
110.2641237957, 
27.8232687686, 
20.8571019732, 
6.7082519304, 
23.7534672686, 
59.4412286882, 
20.8571019732, 
153.4612490211, 
54.8798049364, 
15.8875254198, 
115.0175104237, 
15.8875254198, 
22.4803120810, 
21.3587730172, 
54.8798049364, 
115.0175104237, 
20.5217316205, 
14.5362817986, 
20.5217316205, 
145.2342438354, 
14.5362817986, 
145.2342438354, 
51.4696642495, 
43.3482892946, 
51.4696642495, 
91.0679188687, 
40.6499646597, 
20.6660641418, 
43.3482892946, 
91.0679188687, 
40.6499646597, 
147.4409194951, 
147.4409194951, 
20.6660641418, 
159.0927222750, 
21.3587730172, 
22.4803120810, 
159.0927222750, 
59.4412286882, 
99.2020649069, 
23.7534672686, 
99.2020649069, 
35.4008882429, 
49.4671590614, 
49.4671590614, 
95.5898861782, 
35.4008882429, 
95.5898861782, 
31.6392863024, 
20.5991724537, 
130.4417748657, 
20.5991724537, 
51.5373868394, 
14.7967622451, 
130.4417748657, 
31.6392863024, 
68.4740066413, 
120.3164141752, 
20.4414864426, 
120.3164141752, 
20.4414864426, 
68.4740066413, 
143.1248175426, 
51.5373868394, 
143.1248175426, 
14.7967622451, 
24.1843913163, 
136.8476439011, 
67.0534760418, 
136.8476439011, 
24.1843913163, 
67.0534760418, 
100.1438936244, 
33.7226918028, 
33.7226918028, 
111.2200443158, 
34.0752638090, 
10.4978264284, 
100.1438936244, 
111.2200443158, 
40.6463876511, 
80.4386348038, 
138.7547336042, 
40.6463876511, 
138.7547336042, 
80.4386348038, 
135.7704688448, 
10.4978264284, 
39.1486196525, 
97.5484064484, 
135.7704688448, 
34.0752638090, 
39.1342541275, 
17.1251207095, 
94.1849161251, 
124.0685987367, 
69.7568016699, 
94.1849161251, 
66.1612598168, 
28.4126614431, 
125.6301774000, 
17.1251207095, 
69.7568016699, 
17.4381708219, 
13.1141894622, 
125.6301774000, 
39.1342541275, 
124.0685987367, 
74.9489880038, 
35.3972897784, 
106.6979012375, 
35.3972897784, 
48.9106689856, 
64.5100562214, 
106.6979012375, 
74.9489880038, 
92.9894989124, 
48.9106689856, 
92.9894989124, 
64.5100562214, 
17.4381708219, 
171.4750013723, 
171.4750013723, 
13.1141894622, 
33.0136252992, 
4.9007379446, 
4.9007379446, 
151.2361678481, 
118.3881409844, 
6.9053051315, 
33.0136252992, 
151.2361678481, 
63.7417263726, 
6.9053051315, 
26.5348705634, 
121.0996872214, 
140.3202338921, 
63.7417263726, 
118.3881409844, 
121.0996872214, 
81.6759966631, 
88.9528093806, 
26.5348705634, 
81.6759966631, 
40.0825154648, 
54.8981862417, 
23.6591681064, 
140.3202338921, 
40.0825154648, 
88.9528093806, 
66.8702225777, 
110.2898299125, 
66.8702225777, 
6.7213693394, 
6.7213693394, 
110.2898299125, 
141.4086758258, 
23.6591681064, 
50.2883085849, 
12.7925932470, 
54.8981862417, 
141.4086758258, 
119.1588350666, 
12.7925932470, 
28.3564991744, 
34.3483304524, 
50.2883085849, 
119.1588350666, 
65.0188293163, 
110.3243359218, 
133.1402255957, 
65.0188293163, 
133.1402255957, 
110.3243359218, 
34.3483304524, 
118.7318334775, 
119.0643307084, 
51.2045003501, 
28.3564991744, 
118.7318334775, 
24.8771230568, 
67.7219823036, 
24.8771230568, 
126.5976704120, 
97.7804729409, 
15.4334311601, 
81.8768844504, 
67.7219823036, 
126.5976704120, 
43.7880607806, 
18.3659922527, 
144.5972650176, 
43.7880607806, 
144.5972650176, 
18.3659922527, 
97.7804729409, 
75.6241407490, 
106.0907815171, 
75.6241407490, 
15.4334311601, 
82.8749836511, 
106.0907815171, 
81.8768844504, 
82.8749836511, 
119.0643307084, 
29.4051517365, 
46.5084806549, 
16.2539398408, 
29.4051517365, 
51.2045003501, 
122.5823089337, 
46.5084806549, 
26.5650511771, 
0.0000000000, 
122.5823089337, 
16.2539398408, 
153.4349488229, 
26.5650511771, 
153.4349488229, 
66.1612598168, 
85.4260787401, 
85.4260787401, 
28.4126614431, 
47.2266656674, 
97.5484064484, 
46.5263493091, 
47.2063246811, 
39.1486196525, 
47.2266656674, 
94.3987053550, 
33.3477676425, 
53.5523175883, 
33.3477676425, 
90.9169966073, 
16.9050895534, 
94.3987053550, 
53.5523175883, 
91.6751483779, 
16.9050895534, 
90.9169966073, 
91.6751483779, 
32.5805789290, 
77.6099312506, 
70.6269669802, 
77.6099312506, 
97.7207816183, 
33.6391342572, 
43.8452652685, 
70.6269669802, 
32.5805789290, 
40.1539405984, 
101.5217946990, 
39.5136568288, 
101.5217946990, 
39.5136568288, 
40.1539405984, 
113.7721136457, 
2.5885122413, 
68.1635931481, 
2.5885122413, 
104.6807982975, 
75.5332373507, 
113.7721136457, 
68.1635931481, 
20.6471288208, 
104.6807982975, 
20.6471288208, 
75.5332373507, 
58.9845048073, 
33.6391342572, 
162.0549617854, 
68.2949994158, 
162.0549617854, 
43.8452652685, 
58.9845048073, 
97.7207816183, 
68.2949994158, 
46.5263493091, 
125.4884097178, 
125.4884097178, 
47.2063246811, 
22.6198649480, 
8.4873401868, 
99.1647200120, 
39.9866802603, 
22.6198649480, 
154.1959146381, 
45.6220859073, 
39.9866802603, 
137.0445999940, 
39.9669095772, 
45.6220859073, 
99.1647200120, 
79.5542376262, 
39.9669095772, 
33.5907376549, 
60.0826971304, 
79.5542376262, 
137.0445999940, 
15.0022116146, 
13.0065167480, 
155.0970297981, 
13.0065167480, 
15.0022116146, 
155.0970297981, 
60.0826971304, 
88.0776402203, 
52.3979903071, 
39.7787785906, 
33.5907376549, 
88.0776402203, 
100.8226072672, 
52.3979903071, 
83.5537243169, 
63.3282804524, 
100.8226072672, 
39.7787785906, 
40.7972951232, 
60.8493235108, 
157.7600052452, 
40.7972951232, 
129.0432622696, 
81.3069070901, 
157.7600052452, 
60.8493235108, 
120.8882986107, 
81.3069070901, 
129.0432622696, 
120.8882986107, 
159.5517029930, 
83.5537243169, 
159.5517029930, 
63.3282804524, 
57.8562647143, 
114.7038142925, 
142.2910859181, 
26.3870265333, 
146.6500402852, 
76.1057996580, 
112.9916678556, 
142.2910859181, 
34.7736499418, 
78.1476079091, 
24.4937943984, 
112.9916678556, 
114.7038142925, 
91.4095940941, 
78.1476079091, 
91.4095940941, 
34.7736499418, 
26.3870265333, 
17.3375006704, 
13.3154234029, 
64.6230664748, 
79.8089879884, 
146.6500402852, 
17.3375006704, 
85.8421057143, 
6.6937298338, 
91.6618181274, 
85.8421057143, 
101.5472797069, 
55.8977034343, 
91.6618181274, 
6.6937298338, 
122.4696257423, 
55.8977034343, 
101.5472797069, 
122.4696257423, 
64.6230664748, 
127.6496111515, 
44.2627502103, 
64.1084189231, 
27.1552641794, 
13.3154234029, 
127.6496111515, 
91.2456585516, 
1.9760533022, 
13.0827009814, 
79.8089879884, 
91.2456585516, 
44.2627502103, 
65.9872740636, 
66.1578146365, 
65.9872740636, 
47.8888619385, 
99.3487212752, 
82.0545478497, 
66.1578146365, 
47.8888619385, 
148.0174529428, 
82.0545478497, 
137.0860074946, 
150.7443399922, 
148.0174529428, 
99.3487212752, 
150.7443399922, 
160.3865598624, 
98.9458513497, 
16.1124957801, 
137.0860074946, 
160.3865598624, 
28.5148926515, 
66.7454989782, 
28.5148926515, 
128.3777213423, 
66.7454989782, 
128.3777213423, 
98.9458513497, 
66.9076036756, 
66.9076036756, 
16.1124957801, 
106.1820212470, 
34.4504161210, 
106.1820212470, 
56.7684036426, 
56.7684036426, 
34.4504161210, 
62.7446716251, 
57.3639523803, 
62.7446716251, 
174.5936786721, 
10.4897049533, 
53.8203795520, 
174.5936786721, 
57.3639523803, 
130.6270994112, 
53.8203795520, 
10.4897049533, 
130.6270994112, 
13.0827009814, 
165.3479939655, 
1.9760533022, 
165.3479939655, 
19.6838067918, 
111.5476324977, 
19.6838067918, 
50.1900361040, 
49.8369626121, 
12.3850497312, 
50.1900361040, 
111.5476324977, 
139.4205479590, 
49.8369626121, 
139.4205479590, 
12.3850497312, 
10.0178500903, 
68.0128497523, 
111.0772867277, 
68.0128497523, 
13.5629909996, 
37.6808218461, 
10.0178500903, 
111.0772867277, 
14.7963241182, 
130.6589020653, 
34.9285397376, 
14.7963241182, 
94.9751387261, 
13.3458116347, 
34.9285397376, 
130.6589020653, 
94.9751387261, 
97.5052579119, 
13.3458116347, 
97.5052579119, 
107.0588166045, 
17.9615862561, 
107.0588166045, 
55.5913958365, 
17.9615862561, 
55.5913958365, 
140.9380722845, 
83.3540176808, 
4.4117213146, 
84.3790720214, 
83.3540176808, 
98.1679959725, 
66.6722997599, 
88.1068224333, 
34.9351291977, 
98.1679959725, 
4.4117213146, 
26.1884647106, 
83.0411782481, 
150.2898566590, 
84.3790720214, 
140.9380722845, 
34.9351291977, 
16.8740472714, 
150.2898566590, 
54.1654254989, 
120.7581168764, 
83.0411782481, 
54.1654254989, 
47.9214298285, 
12.3040280389, 
26.1884647106, 
120.7581168764, 
16.8740472714, 
18.1218602479, 
132.8760750793, 
29.0330288661, 
132.8760750793, 
29.0330288661, 
18.1218602479, 
28.0724869359, 
98.3072631340, 
28.0724869359, 
109.7017382781, 
22.1735194307, 
23.0215266381, 
109.7017382781, 
98.3072631340, 
146.4798209442, 
23.0215266381, 
131.4314955736, 
14.6208739886, 
22.1735194307, 
146.4798209442, 
34.2102157452, 
14.6208739886, 
22.1164978790, 
40.2768421574, 
131.4314955736, 
34.2102157452, 
82.4672646797, 
32.8828713512, 
130.2590915691, 
32.8828713512, 
61.4245821939, 
36.7220597905, 
82.4672646797, 
130.2590915691, 
61.4245821939, 
81.9442757648, 
81.9442757648, 
36.7220597905, 
22.1164978790, 
150.8992596134, 
40.2768421574, 
150.8992596134, 
4.4041165095, 
134.7228894904, 
46.8419397954, 
4.4041165095, 
46.8419397954, 
134.7228894904, 
128.7427658731, 
12.3040280389, 
47.9214298285, 
128.7427658731, 
155.6102106761, 
66.6722997599, 
155.6102106761, 
88.1068224333, 
154.6520676610, 
13.5629909996, 
154.6520676610, 
37.6808218461, 
64.1084189231, 
94.7616372232, 
27.1552641794, 
94.7616372232, 
15.5142002529, 
81.5551002519, 
81.5551002519, 
83.3756287438, 
15.5142002529, 
83.3756287438, 
24.3616488865, 
56.3453618510, 
24.3616488865, 
104.2340933380, 
56.3453618510, 
104.2340933380, 
77.3722507711, 
96.1813863329, 
77.3722507711, 
14.0617355929, 
72.2716413766, 
20.1500812911, 
14.0617355929, 
96.1813863329, 
95.5529904484, 
20.1500812911, 
95.5529904484, 
72.2716413766, 
105.8296934732, 
104.6339357841, 
105.8296934732, 
79.6906074448, 
86.2803290304, 
45.5676526765, 
104.6339357841, 
79.6906074448, 
73.7696529950, 
87.0584347823, 
64.3842372990, 
72.2949615198, 
160.9058404751, 
46.2381158962, 
64.3842372990, 
89.5967496718, 
27.3400213222, 
87.0584347823, 
46.2381158962, 
135.2021264171, 
83.3361114775, 
15.3312030004, 
27.3400213222, 
73.7696529950, 
160.9058404751, 
70.6124823821, 
70.6124823821, 
135.2021264171, 
72.2949615198, 
89.5967496718, 
83.3361114775, 
110.9100211097, 
83.0466226830, 
130.6106293252, 
110.9100211097, 
15.3312030004, 
83.0466226830, 
51.4603564145, 
130.6106293252, 
51.4603564145, 
86.2803290304, 
82.8749836511, 
45.5676526765, 
82.8749836511, 
106.1240544593, 
35.9645148230, 
95.8054575028, 
106.1240544593, 
51.2560029622, 
65.0446856486, 
63.7201278449, 
65.0446856486, 
15.8750111482, 
20.2579908692, 
51.2560029622, 
63.7201278449, 
42.7708577770, 
46.1913333214, 
42.7708577770, 
127.4229283736, 
127.4229283736, 
46.1913333214, 
58.6906643953, 
32.9423825575, 
58.6906643953, 
120.7024197091, 
120.9306079510, 
12.2181621959, 
32.9423825575, 
120.7024197091, 
21.3723319745, 
89.0990769303, 
89.0990769303, 
82.3117435885, 
21.3723319745, 
82.3117435885, 
120.9306079510, 
66.8204375414, 
66.8204375414, 
12.2181621959, 
99.4039211270, 
23.7089540571, 
99.4039211270, 
58.0318789366, 
45.0728087271, 
61.7149520393, 
58.0318789366, 
23.7089540571, 
19.5929993203, 
43.8887834856, 
43.8887834856, 
153.4832556009, 
19.5929993203, 
153.4832556009, 
27.6820742810, 
137.8493077666, 
21.1790516948, 
27.6820742810, 
62.3185865128, 
48.3906353307, 
21.1790516948, 
137.8493077666, 
70.3461759419, 
48.3906353307, 
29.7448812969, 
112.3801350520, 
62.3185865128, 
70.3461759419, 
37.8749836511, 
29.7448812969, 
37.8749836511, 
112.3801350520, 
61.7149520393, 
74.7997047947, 
45.0728087271, 
74.7997047947, 
175.5768567052, 
20.2579908692, 
175.5768567052, 
15.8750111482, 
55.2329875174, 
61.7157308506, 
145.9679344313, 
7.4079093178, 
144.7231776025, 
61.7157308506, 
52.6903584549, 
65.1927763102, 
65.1927763102, 
161.2115212770, 
52.6903584549, 
161.2115212770, 
7.4079093178, 
41.0534901941, 
123.9685856314, 
73.7063004219, 
145.9679344313, 
41.0534901941, 
129.0226433663, 
73.7063004219, 
57.6525559938, 
65.0780810132, 
123.9685856314, 
129.0226433663, 
65.0780810132, 
67.7471879142, 
73.6702849964, 
39.7072210268, 
57.6525559938, 
67.7471879142, 
16.7811366589, 
58.9080652041, 
128.8711615926, 
58.9080652041, 
13.0139731496, 
166.1402595745, 
16.7811366589, 
128.8711615926, 
5.5993393365, 
166.1402595745, 
5.5993393365, 
13.0139731496, 
39.7072210268, 
136.8106557732, 
73.6702849964, 
136.8106557732, 
12.5445924108, 
138.8441574626, 
30.8555847913, 
40.8864450035, 
51.7579340108, 
138.8441574626, 
30.8555847913, 
110.4201397324, 
61.8208717408, 
12.4458819169, 
110.4201397324, 
40.8864450035, 
12.4458819169, 
112.5079103643, 
104.3597293401, 
19.3590795073, 
61.8208717408, 
112.5079103643, 
75.7939777662, 
39.3943867331, 
75.7939777662, 
127.5463338310, 
95.4740958001, 
123.4572529305, 
39.3943867331, 
127.5463338310, 
60.0618994360, 
41.5808318057, 
41.5808318057, 
78.5695082032, 
131.7145339395, 
41.8709737357, 
60.0618994360, 
78.5695082032, 
34.2523975767, 
67.0788530107, 
34.2523975767, 
90.6638704881, 
70.1991917274, 
58.9972808661, 
67.0788530107, 
90.6638704881, 
82.2049933819, 
33.7614142124, 
82.2049933819, 
68.4877633567, 
33.7614142124, 
68.4877633567, 
36.0461953684, 
135.6884031740, 
78.7922950047, 
135.6884031740, 
36.0461953684, 
78.7922950047, 
130.5196767688, 
64.3604696204, 
130.5196767688, 
22.7199969039, 
152.7328812604, 
13.7195179700, 
64.3604696204, 
22.7199969039, 
38.4071263797, 
13.7195179700, 
54.9309496114, 
30.1384973244, 
38.4071263797, 
152.7328812604, 
54.9309496114, 
154.6222561387, 
154.6222561387, 
30.1384973244, 
70.1991917274, 
115.3583136665, 
105.6977925179, 
47.0124329749, 
115.3583136665, 
58.9972808661, 
54.9947817004, 
98.9908684540, 
54.9947817004, 
66.3613789439, 
49.0003004346, 
16.3048173842, 
98.9908684540, 
66.3613789439, 
139.9306673566, 
16.3048173842, 
25.8060496219, 
152.4755763566, 
139.9306673566, 
49.0003004346, 
25.8060496219, 
1.7328827558, 
112.8900891144, 
113.7432037751, 
51.4619268290, 
152.4755763566, 
1.7328827558, 
50.4812147305, 
15.2551187031, 
113.7432037751, 
50.4812147305, 
114.4933795905, 
112.8900891144, 
114.4933795905, 
15.2551187031, 
51.4619268290, 
105.6977925179, 
28.7983812992, 
28.7983812992, 
47.0124329749, 
44.9171065250, 
41.8709737357, 
38.2732769513, 
49.3699162506, 
131.7145339395, 
44.9171065250, 
121.4053955356, 
124.9296081211, 
33.6267924601, 
138.9544610073, 
124.9296081211, 
49.0772556656, 
28.8697961302, 
31.3840821663, 
121.4053955356, 
138.9544610073, 
76.9978038067, 
76.9978038067, 
33.6267924601, 
49.0772556656, 
121.3764091978, 
31.3840821663, 
18.0013059701, 
89.2532738630, 
77.0733304476, 
121.3764091978, 
28.8697961302, 
24.5360450869, 
69.6076777094, 
105.7428624371, 
69.6076777094, 
49.6797849300, 
34.3591482193, 
105.7428624371, 
24.5360450869, 
108.9778932560, 
49.6797849300, 
86.8103302460, 
36.1760272633, 
108.9778932560, 
34.3591482193, 
78.9955386820, 
86.8103302460, 
78.9955386820, 
36.1760272633, 
73.8295849757, 
120.0081979976, 
18.0013059701, 
120.0081979976, 
39.3002366650, 
77.0733304476, 
73.8295849757, 
39.3002366650, 
89.2532738630, 
99.1073633016, 
74.2400707101, 
150.9453959009, 
74.2400707101, 
99.1073633016, 
150.9453959009, 
100.2920094924, 
38.2732769513, 
33.9588290272, 
63.2625576966, 
100.2920094924, 
49.3699162506, 
88.2790081597, 
63.2625576966, 
88.2790081597, 
33.9588290272, 
44.7982988772, 
132.2252969320, 
2.9771545582, 
132.2252969320, 
44.7982988772, 
2.9771545582, 
39.4111474843, 
95.4740958001, 
35.6753036077, 
33.1762580008, 
39.4111474843, 
123.4572529305, 
119.1085958483, 
33.1762580008, 
119.1085958483, 
35.6753036077, 
19.3590795073, 
83.7502991191, 
47.8027537963, 
49.0711085329, 
104.3597293401, 
83.7502991191, 
172.6967480892, 
49.0711085329, 
47.8027537963, 
172.6967480892, 
38.1419599351, 
63.8763616209, 
38.1419599351, 
104.1513260536, 
104.1513260536, 
63.8763616209, 
44.7238109825, 
73.3993195679, 
44.7238109825, 
61.9164106738, 
7.9558000832, 
68.5832859670, 
7.9558000832, 
109.1310955642, 
109.1310955642, 
68.5832859670, 
130.1947331513, 
72.5555902430, 
62.6260267904, 
33.9848925034, 
68.2834935278, 
62.6260267904, 
14.2622667838, 
96.0128227425, 
54.1709087898, 
70.0767166725, 
72.5555902430, 
86.0145118720, 
96.0128227425, 
116.7959916826, 
54.1709087898, 
116.7959916826, 
70.0767166725, 
33.9848925034, 
80.3920905320, 
80.3920905320, 
68.2834935278, 
105.2824732796, 
63.4006869948, 
21.3391337950, 
109.0618706775, 
105.2824732796, 
11.3835536502, 
72.1666411318, 
25.4490680335, 
25.4490680335, 
120.0720766546, 
93.6241450349, 
18.2124133088, 
72.1666411318, 
120.0720766546, 
18.2124133088, 
81.1770568409, 
31.2833515011, 
80.1678675536, 
93.6241450349, 
81.1770568409, 
55.9414429379, 
18.9515672117, 
18.9515672117, 
142.5999354989, 
55.9414429379, 
142.5999354989, 
100.6489456958, 
11.1100332877, 
100.6489456958, 
88.6526010580, 
88.6526010580, 
11.1100332877, 
93.6562925170, 
80.1678675536, 
78.4181890354, 
14.7337927542, 
31.2833515011, 
93.6562925170, 
25.4906302047, 
65.7722546820, 
25.4906302047, 
118.5333625923, 
15.5981663676, 
65.5496391102, 
65.7722546820, 
118.5333625923, 
112.9643832937, 
65.5496391102, 
15.5981663676, 
112.9643832937, 
70.2178260437, 
81.8874930541, 
28.9840279407, 
70.2178260437, 
77.7974203159, 
9.1632431470, 
28.9840279407, 
81.8874930541, 
59.8533809298, 
43.7103264979, 
59.8533809298, 
162.5678429345, 
33.1935903070, 
33.3984934845, 
43.7103264979, 
162.5678429345, 
103.9435870175, 
32.6981738057, 
103.9435870175, 
43.5209456359, 
32.6981738057, 
43.5209456359, 
17.4762935203, 
126.0988335308, 
36.7698845363, 
17.4762935203, 
36.7698845363, 
126.0988335308, 
130.1240345935, 
33.1935903070, 
130.1240345935, 
33.3984934845, 
96.7531914559, 
77.7974203159, 
96.7531914559, 
9.1632431470, 
20.8301482575, 
76.4788190252, 
86.3990361704, 
20.8301482575, 
27.2796103488, 
48.3545395730, 
86.3990361704, 
76.4788190252, 
79.4382412015, 
14.8742065440, 
14.8742065440, 
103.3094123123, 
79.4382412015, 
103.3094123123, 
17.5970475502, 
56.0651709468, 
111.8014094864, 
56.0651709468, 
111.8014094864, 
17.5970475502, 
108.3643292757, 
48.3545395730, 
69.3147382214, 
112.5411919844, 
108.3643292757, 
27.2796103488, 
80.9433048226, 
23.8601751913, 
80.9433048226, 
75.2357968896, 
36.1163866015, 
45.6637440074, 
23.8601751913, 
75.2357968896, 
5.1944289077, 
85.8465102067, 
5.1944289077, 
90.0000000000, 
137.7263109939, 
80.5945146589, 
17.9222606217, 
90.0000000000, 
85.8465102067, 
116.7890348003, 
80.5945146589, 
81.6805283154, 
152.0636219674, 
49.6737547683, 
116.7890348003, 
137.7263109939, 
26.3571800651, 
65.6088882993, 
29.7170754097, 
26.3571800651, 
81.6805283154, 
17.9222606217, 
4.7915070479, 
94.1453605524, 
43.7805274247, 
82.8772994184, 
94.1453605524, 
129.1182742159, 
4.7915070479, 
82.8772994184, 
133.6457245202, 
46.1573982768, 
78.1639903033, 
133.6457245202, 
43.7805274247, 
129.1182742159, 
71.4248831172, 
10.7584108981, 
119.1103245575, 
10.7584108981, 
71.4248831172, 
119.1103245575, 
92.5450052102, 
12.3154518343, 
92.5450052102, 
76.4160749225, 
76.4160749225, 
12.3154518343, 
55.0531491095, 
90.3734537529, 
52.3114551538, 
52.3114551538, 
150.8902120414, 
74.4799912393, 
16.3605267708, 
105.9794308285, 
55.0531491095, 
47.1210963967, 
150.8902120414, 
24.1913894929, 
66.7589561518, 
90.3734537529, 
47.1210963967, 
74.4799912393, 
20.6880962229, 
52.1251663603, 
107.2251098244, 
20.6880962229, 
52.0631553787, 
21.7973700766, 
107.2251098244, 
52.1251663603, 
129.6869923976, 
9.4860442823, 
40.8442602259, 
9.4860442823, 
50.0193094925, 
27.5532648349, 
129.6869923976, 
40.8442602259, 
27.5532648349, 
117.9293570854, 
50.0193094925, 
117.9293570854, 
50.7541378036, 
60.3775029216, 
50.7541378036, 
136.2648196258, 
60.3775029216, 
136.2648196258, 
52.0631553787, 
131.8458815849, 
21.7973700766, 
131.8458815849, 
49.7384490118, 
73.1691070297, 
49.7384490118, 
156.5076802116, 
21.4837524061, 
28.6598413156, 
73.1691070297, 
156.5076802116, 
140.8838682768, 
21.4837524061, 
140.8838682768, 
28.6598413156, 
49.1280694450, 
72.0297229895, 
151.0451458790, 
49.1280694450, 
151.0451458790, 
72.0297229895, 
130.2121338139, 
24.1913894929, 
130.2121338139, 
66.7589561518, 
90.3236294745, 
16.3605267708, 
61.2464063301, 
89.0906459399, 
90.3236294745, 
105.9794308285, 
30.2948794267, 
89.0906459399, 
31.7725677417, 
22.2145531718, 
30.2948794267, 
61.2464063301, 
42.9719820299, 
32.5763043782, 
104.8412335536, 
32.5763043782, 
59.2059979753, 
119.9426060689, 
42.9719820299, 
104.8412335536, 
91.5364392284, 
39.4045434065, 
54.2563546530, 
39.4045434065, 
54.2563546530, 
91.5364392284, 
59.2059979753, 
20.6272197959, 
20.6272197959, 
119.9426060689, 
31.7725677417, 
130.3971176870, 
31.8025642717, 
35.1704553372, 
130.3971176870, 
22.2145531718, 
115.2116529244, 
31.8025642717, 
115.2116529244, 
35.1704553372, 
145.3658320769, 
46.1573982768, 
125.8430501902, 
33.2443556273, 
145.3658320769, 
78.1639903033, 
8.8225482563, 
156.1132802361, 
8.8225482563, 
15.4819958795, 
15.4819958795, 
156.1132802361, 
11.5384506926, 
75.5283689193, 
96.9545001952, 
11.5384506926, 
96.9545001952, 
75.5283689193, 
60.5010009386, 
33.2443556273, 
29.8079584039, 
39.2876987472, 
60.5010009386, 
125.8430501902, 
29.8079584039, 
112.5248968096, 
39.2876987472, 
112.5248968096, 
86.5769614499, 
65.6088882993, 
112.9169082313, 
43.1652810975, 
86.5769614499, 
29.7170754097, 
25.3517598804, 
43.1652810975, 
112.9169082313, 
25.3517598804, 
30.7064352046, 
43.8637639142, 
30.7064352046, 
126.9213731739, 
17.4531030792, 
46.6224489689, 
126.9213731739, 
43.8637639142, 
150.7907730484, 
46.6224489689, 
150.7907730484, 
17.4531030792, 
49.6737547683, 
30.7157579526, 
41.2273052212, 
106.9446316866, 
152.0636219674, 
30.7157579526, 
92.1093176679, 
150.1753643937, 
69.9921258774, 
150.1753643937, 
69.9921258774, 
92.1093176679, 
41.2273052212, 
113.2813813831, 
12.6174660587, 
150.6798290086, 
113.2813813831, 
106.9446316866, 
62.3710958467, 
153.0091866235, 
153.0091866235, 
45.0397335630, 
62.3710958467, 
45.0397335630, 
34.4160530831, 
150.6798290086, 
34.4160530831, 
12.6174660587, 
32.6277263503, 
38.6107135955, 
65.8090707238, 
160.9030681854, 
111.8914200532, 
38.6107135955, 
160.9030681854, 
129.7760752837, 
32.6277263503, 
129.7760752837, 
111.8914200532, 
65.8090707238, 
100.2728153566, 
36.1163866015, 
101.0210514473, 
16.7235580065, 
100.2728153566, 
45.6637440074, 
65.2534754131, 
16.7235580065, 
36.6992252005, 
97.1006564744, 
101.0210514473, 
65.2534754131, 
82.9533613408, 
8.5017582369, 
82.9533613408, 
105.0546226216, 
8.5017582369, 
105.0546226216, 
36.6992252005, 
71.3759613331, 
27.2520336749, 
46.9425743804, 
71.3759613331, 
97.1006564744, 
27.2520336749, 
107.4866967158, 
107.4866967158, 
46.9425743804, 
18.7430445126, 
69.3147382214, 
86.6590722491, 
37.8022843515, 
18.7430445126, 
112.5411919844, 
37.8022843515, 
130.6012946450, 
86.6590722491, 
130.6012946450, 
87.0397064950, 
14.7337927542, 
53.1118461900, 
129.2752502131, 
78.4181890354, 
87.0397064950, 
76.8763360693, 
123.0595821734, 
41.4394496609, 
123.0595821734, 
41.4394496609, 
76.8763360693, 
57.7027700319, 
125.4281974753, 
71.8798112389, 
125.4281974753, 
38.2155119996, 
98.8583520778, 
41.7738919565, 
3.6516557876, 
53.2413188812, 
57.7027700319, 
38.2155119996, 
53.3256542194, 
71.8798112389, 
53.3256542194, 
98.8583520778, 
134.8861366562, 
3.6516557876, 
130.3453814603, 
89.4191370828, 
22.4493281424, 
90.5831079902, 
53.2413188812, 
130.3453814603, 
17.8726062730, 
89.2063487802, 
41.7738919565, 
134.8861366562, 
90.5831079902, 
39.8697495213, 
103.2886541348, 
41.4391188706, 
103.2886541348, 
39.8697495213, 
41.4391188706, 
13.4459712381, 
52.7438335835, 
13.4459712381, 
136.9956410965, 
136.9956410965, 
52.7438335835, 
73.3930194214, 
89.2063487802, 
73.3930194214, 
17.8726062730, 
79.2775215947, 
22.4493281424, 
16.8665096718, 
39.9726884644, 
89.4191370828, 
79.2775215947, 
16.8665096718, 
126.4875482363, 
9.1345481723, 
74.5544283505, 
39.9726884644, 
126.4875482363, 
9.1345481723, 
101.5627026095, 
71.7493236191, 
87.7298624855, 
74.5544283505, 
101.5627026095, 
25.7255051015, 
71.7493236191, 
90.7754124560, 
40.7476082450, 
25.7255051015, 
87.7298624855, 
90.7754124560, 
48.7632923071, 
40.7476082450, 
48.7632923071, 
53.1118461900, 
61.5495277539, 
129.2752502131, 
61.5495277539, 
46.3884562122, 
136.5972979119, 
46.3884562122, 
16.6621810347, 
136.5972979119, 
16.6621810347, 
105.0603214371, 
77.7175308856, 
15.2525727109, 
77.7175308856, 
105.0603214371, 
15.2525727109, 
21.3391337950, 
49.6206562141, 
90.1802628498, 
57.6741847450, 
49.1745501699, 
49.6206562141, 
109.0618706775, 
105.3003167977, 
23.0253334128, 
105.3003167977, 
52.9208506569, 
52.9208506569, 
23.0253334128, 
28.7434251173, 
70.8709080062, 
80.6506992325, 
70.8709080062, 
60.0228267074, 
28.6240279440, 
80.6506992325, 
28.7434251173, 
10.4222512561, 
76.9751008061, 
94.3843725518, 
76.9751008061, 
94.3843725518, 
10.4222512561, 
8.0352051952, 
35.0906363740, 
8.0352051952, 
138.3942778773, 
138.3942778773, 
35.0906363740, 
109.5677830371, 
28.6240279440, 
109.5677830371, 
60.0228267074, 
115.9574774711, 
6.0803781890, 
57.9702616294, 
6.0803781890, 
57.9702616294, 
115.9574774711, 
43.4375397277, 
75.2767996711, 
49.1745501699, 
56.3634618468, 
21.4936383456, 
147.4184231678, 
43.4375397277, 
90.1802628498, 
147.4184231678, 
75.2767996711, 
57.6741847450, 
21.4936383456, 
108.3274179718, 
36.2053746247, 
38.6682079934, 
56.3634618468, 
108.3274179718, 
68.1870062565, 
78.0872392377, 
78.0872392377, 
54.1741000327, 
77.1620197783, 
79.7358484775, 
68.1870062565, 
54.1741000327, 
79.7358484775, 
23.1676456947, 
70.7137097117, 
9.4356255467, 
77.1620197783, 
23.1676456947, 
15.4442682411, 
35.1289572109, 
129.5328849805, 
35.1289572109, 
6.7730945212, 
17.0956050981, 
15.4442682411, 
129.5328849805, 
157.6772738187, 
17.0956050981, 
6.7730945212, 
157.6772738187, 
22.0546345495, 
101.0295830941, 
57.4848866511, 
101.0295830941, 
68.0885261986, 
91.7703387674, 
57.4848866511, 
22.0546345495, 
28.3742079263, 
68.0885261986, 
28.3742079263, 
91.7703387674, 
70.7137097117, 
111.9911299172, 
9.4356255467, 
111.9911299172, 
159.0916770710, 
38.6682079934, 
11.9274183282, 
27.6142533254, 
159.0916770710, 
36.2053746247, 
32.4613691019, 
133.0192235213, 
51.7818911250, 
133.0192235213, 
51.7818911250, 
32.4613691019, 
140.6339479479, 
27.6142533254, 
106.6947470545, 
5.8187247092, 
140.6339479479, 
11.9274183282, 
72.1911264867, 
5.8187247092, 
72.1911264867, 
106.6947470545, 
86.3231585698, 
28.8861723564, 
86.3231585698, 
67.2083514340, 
59.0070146775, 
67.6910429944, 
58.9973568458, 
67.6910429944, 
111.2156862582, 
25.0857553570, 
58.9973568458, 
59.0070146775, 
11.0198861031, 
44.5765891310, 
130.4260787401, 
11.0198861031, 
130.4260787401, 
44.5765891310, 
39.0938588862, 
39.6950762903, 
39.0938588862, 
101.4712244746, 
81.7537740859, 
36.8698976458, 
101.4712244746, 
39.6950762903, 
64.4081651654, 
12.5963483335, 
128.1265921400, 
12.5963483335, 
63.2773398856, 
109.9389282840, 
128.1265921400, 
64.4081651654, 
124.1037120235, 
24.9622187481, 
124.1037120235, 
67.1663458221, 
24.9622187481, 
67.1663458221, 
63.2773398856, 
131.3536783596, 
131.3536783596, 
109.9389282840, 
68.9876862103, 
81.7537740859, 
38.3898453977, 
60.1520200996, 
68.9876862103, 
36.8698976458, 
109.5833329118, 
11.3099324740, 
81.1772230492, 
11.3099324740, 
72.5285198041, 
42.3308111971, 
81.1772230492, 
109.5833329118, 
66.8638168229, 
42.3308111971, 
72.5285198041, 
66.8638168229, 
88.8115144590, 
60.1520200996, 
38.3898453977, 
88.8115144590, 
110.0098403823, 
123.9407372070, 
69.2892991495, 
110.0098403823, 
69.2892991495, 
123.9407372070, 
111.2156862582, 
87.1611074642, 
60.6175406150, 
82.4481069629, 
25.0857553570, 
87.1611074642, 
144.9612381576, 
67.7852493902, 
144.9612381576, 
89.3132499864, 
89.3132499864, 
67.7852493902, 
124.5690636532, 
14.9730270242, 
65.7516371208, 
65.7516371208, 
118.1069802927, 
114.5061737759, 
41.5002329695, 
82.4690426193, 
124.5690636532, 
62.6614113041, 
118.1069802927, 
39.0509908678, 
45.1242404809, 
14.9730270242, 
62.6614113041, 
114.5061737759, 
7.9564769214, 
46.9878713415, 
94.0876188460, 
60.9873503329, 
81.6951963521, 
104.7041007999, 
63.5483217438, 
94.0876188460, 
20.2802514022, 
98.8150794341, 
125.1217750749, 
104.7041007999, 
135.9907897278, 
46.9878713415, 
125.1217750749, 
81.6951963521, 
114.8726756557, 
7.9564769214, 
6.9550062310, 
32.3530751951, 
114.8726756557, 
135.9907897278, 
63.5483217438, 
60.9873503329, 
152.0087018209, 
32.3530751951, 
152.0087018209, 
6.9550062310, 
61.7294605555, 
20.2802514022, 
61.7294605555, 
98.8150794341, 
96.2066944743, 
45.1242404809, 
37.4441760449, 
53.7430889587, 
39.0509908678, 
96.2066944743, 
38.8611140207, 
80.0985409323, 
82.4244274956, 
80.0985409323, 
22.6089935094, 
19.4344938167, 
69.3390373143, 
82.4244274956, 
38.8611140207, 
27.9543144453, 
104.7766348820, 
52.4344403438, 
27.9543144453, 
60.5364666083, 
91.3047169651, 
52.4344403438, 
104.7766348820, 
136.7943405502, 
12.6488825166, 
12.6488825166, 
37.2649346106, 
44.8157946054, 
13.0267987542, 
136.7943405502, 
37.2649346106, 
13.0267987542, 
146.6627738974, 
44.8157946054, 
146.6627738974, 
91.3047169651, 
128.8931164536, 
60.5364666083, 
128.8931164536, 
78.0989502377, 
57.7032539137, 
45.7473043190, 
57.7032539137, 
78.0989502377, 
45.7473043190, 
62.3553952816, 
83.9447692736, 
27.9443639816, 
83.9447692736, 
40.6012946450, 
123.8758661144, 
26.0609194588, 
35.0968012276, 
27.9443639816, 
90.9182052323, 
123.8758661144, 
62.3553952816, 
40.6012946450, 
90.9182052323, 
123.6493334987, 
35.0968012276, 
38.7028805184, 
63.7476248823, 
109.4634100967, 
26.0609194588, 
123.6493334987, 
80.4328790856, 
7.7967944030, 
63.7476248823, 
139.0358843068, 
41.5044872370, 
80.4328790856, 
107.0820354013, 
38.7028805184, 
107.0820354013, 
7.7967944030, 
109.4634100967, 
79.6649556508, 
139.0358843068, 
79.6649556508, 
41.5044872370, 
22.6089935094, 
139.8949561215, 
88.5178137779, 
88.5178137779, 
69.3390373143, 
128.4053359166, 
139.8949561215, 
19.4344938167, 
128.4053359166, 
91.9798966744, 
37.4441760449, 
62.1102782228, 
18.3270389776, 
91.9798966744, 
53.7430889587, 
45.0277440232, 
59.8558592539, 
59.8558592539, 
75.7746317119, 
30.2175000729, 
38.5544214254, 
45.0277440232, 
75.7746317119, 
38.5544214254, 
113.5563247027, 
30.2175000729, 
113.5563247027, 
18.3270389776, 
100.7963949276, 
62.1102782228, 
100.7963949276, 
138.9021475200, 
82.4690426193, 
138.9021475200, 
41.5002329695, 
26.0413821803, 
82.4675054700, 
26.0413821803, 
76.2005146040, 
65.2413971631, 
142.4296487439, 
76.2005146040, 
82.4675054700, 
65.2413971631, 
27.8445164914, 
130.9904699177, 
20.6585057755, 
27.8445164914, 
142.4296487439, 
37.9679292418, 
130.9904699177, 
37.9679292418, 
20.6585057755, 
82.4481069629, 
40.1123587069, 
117.5101542402, 
94.1381428695, 
60.6175406150, 
40.1123587069, 
40.2986138311, 
117.5101542402, 
40.2986138311, 
94.1381428695, 
